1620997422132,200,OK,true,1007
1620997422132,200,OK,true,1007
1620997423140,200,OK,true,716
1620997423140,200,OK,true,747
1620997423888,200,OK,true,787
1620997423856,200,OK,true,819
1620997424676,200,OK,true,716
1620997424676,200,OK,true,723
1620997425399,200,OK,true,710
1620997425392,200,OK,true,734
1620997426126,200,OK,true,802
1620997426109,200,OK,true,850
1620997426928,200,OK,true,717
1620997426959,200,OK,true,706
1620997427665,200,OK,true,799
1620997427645,200,OK,true,819
1620997428464,200,OK,true,717
1620997428464,200,OK,true,817
1620997429181,200,OK,true,717
1620997429281,200,OK,true,707
1620997429899,200,OK,true,819
1620997429988,200,OK,true,834
1620997430822,200,OK,true,714
1620997430718,200,OK,true,818
1620997431536,200,OK,true,820
1620997431536,200,OK,true,830
1620997432356,200,OK,true,818
1620997432366,200,OK,true,808
1620997433174,200,OK,true,614
1620997433174,200,OK,true,820
1620997433789,200,OK,true,921
1620997433994,200,OK,true,716
1620997434711,200,OK,true,819
1620997434711,200,OK,true,819
1620997435530,200,OK,true,820
1620997435530,200,OK,true,823
1620997436350,200,OK,true,716
1620997436353,200,OK,true,1326
1620997437066,200,OK,true,723
1620997437680,200,OK,true,819
1620997437789,200,OK,true,785
1620997438500,200,OK,true,716
1620997438574,200,OK,true,753
1620997439328,200,OK,true,678
1620997439216,200,OK,true,790
1620997440007,200,OK,true,745
1620997440007,200,OK,true,745
1620997440753,200,OK,true,818
1620997440753,200,OK,true,818
1620997441572,200,OK,true,614
1620997441572,200,OK,true,693
1620997442266,200,OK,true,739
1620997442186,200,OK,true,819
1620997443005,200,OK,true,819
1620997443005,200,OK,true,819
1620997443824,200,OK,true,717
1620997443824,200,OK,true,717
1620997444541,200,OK,true,717
1620997444541,200,OK,true,717
1620997445258,200,OK,true,819
1620997445258,200,OK,true,819
1620997446077,200,OK,true,797
1620997446077,200,OK,true,839
1620997446875,200,OK,true,737
1620997446916,200,OK,true,724
1620997447614,200,OK,true,819
1620997447641,200,OK,true,1305
1620997448434,200,OK,true,630
1620997449064,200,OK,true,700
1620997448946,200,OK,true,818
1620997449765,200,OK,true,818
1620997449765,200,OK,true,818
1620997450584,200,OK,true,818
1620997450584,200,OK,true,1347
1620997451403,200,OK,true,819
1620997451932,200,OK,true,801
1620997452222,200,OK,true,819
1620997452733,200,OK,true,921
1620997453040,200,OK,true,746
1620997453655,200,OK,true,921
1620997453786,200,OK,true,790
1620997454576,200,OK,true,716
1620997454576,200,OK,true,783
1620997455293,200,OK,true,819
1620997455360,200,OK,true,764
1620997456112,200,OK,true,819
1620997456124,200,OK,true,807
1620997456932,200,OK,true,716
1620997456932,200,OK,true,746
1620997457648,200,OK,true,717
1620997457678,200,OK,true,763
1620997458441,200,OK,true,743
1620997458365,200,OK,true,819
1620997459185,200,OK,true,719
1620997459185,200,OK,true,771
1620997459904,200,OK,true,714
1620997459957,200,OK,true,732
1620997460618,200,OK,true,600
1620997460689,200,OK,true,850
1620997461218,200,OK,true,785
1620997461540,200,OK,true,718
1620997462004,200,OK,true,594
1620997462258,200,OK,true,672
1620997462598,200,OK,true,887
1620997462930,200,OK,true,615
1620997463485,200,OK,true,716
1620997463545,200,OK,true,861
1620997464202,200,OK,true,819
1620997464406,200,OK,true,1230
1620997465021,200,OK,true,702
1620997465636,200,OK,true,819
1620997465724,200,OK,true,732
1620997466456,200,OK,true,817
1620997466456,200,OK,true,817
1620997467274,200,OK,true,818
1620997467274,200,OK,true,818
1620997468093,200,OK,true,819
1620997468093,200,OK,true,819
1620997468913,200,OK,true,818
1620997468912,200,OK,true,819
1620997469732,200,OK,true,665
1620997469732,200,OK,true,762
1620997470398,200,OK,true,774
1620997470494,200,OK,true,734
1620997471228,200,OK,true,684
1620997471172,200,OK,true,753
1620997471925,200,OK,true,625
1620997471913,200,OK,true,716
1620997472629,200,OK,true,719
1620997472551,200,OK,true,800
1620997473352,200,OK,true,618
1620997473349,200,OK,true,802
1620997474151,200,OK,true,700
1620997473970,200,OK,true,881
1620997474852,200,OK,true,716
1620997474852,200,OK,true,716
1620997475569,200,OK,true,716
1620997475569,200,OK,true,1125
1620997476285,200,OK,true,819
1620997476695,200,OK,true,818
1620997477104,200,OK,true,716
1620997477513,200,OK,true,820
1620997477821,200,OK,true,716
1620997478333,200,OK,true,760
1620997478537,200,OK,true,820
1620997479094,200,OK,true,877
1620997479357,200,OK,true,718
1620997479972,200,OK,true,819
1620997480075,200,OK,true,920
1620997480791,200,OK,true,716
1620997480995,200,OK,true,819
1620997481508,200,OK,true,706
1620997481815,200,OK,true,746
1620997482215,200,OK,true,698
1620997482562,200,OK,true,809
1620997482914,200,OK,true,791
1620997483372,200,OK,true,695
1620997483706,200,OK,true,976
1620997484067,200,OK,true,829
1620997484682,200,OK,true,717
1620997484896,200,OK,true,809
1620997485399,200,OK,true,819
1620997485706,200,OK,true,819
1620997486218,200,OK,true,820
1620997486531,200,OK,true,915
1620997487039,200,OK,true,715
1620997487447,200,OK,true,745
1620997487754,200,OK,true,819
1620997488192,200,OK,true,688
1620997488573,200,OK,true,819
1620997488880,200,OK,true,716
1620997489392,200,OK,true,922
1620997489597,200,OK,true,720
1620997490318,200,OK,true,815
1620997490314,200,OK,true,819
1620997491133,200,OK,true,686
1620997491133,200,OK,true,709
1620997491819,200,OK,true,747
1620997491842,200,OK,true,1339
1620997492568,200,OK,true,1229
1620997493182,200,OK,true,622
1620997493798,200,OK,true,817
1620997493804,200,OK,true,811
1620997494616,200,OK,true,716
1620997494616,200,OK,true,716
1620997495333,200,OK,true,818
1620997495333,200,OK,true,818
1620997496152,200,OK,true,716
1620997496152,200,OK,true,771
1620997496869,200,OK,true,716
1620997496923,200,OK,true,673
1620997497596,200,OK,true,706
1620997497586,200,OK,true,749
1620997498302,200,OK,true,685
1620997498336,200,OK,true,732
1620997498987,200,OK,true,748
1620997499068,200,OK,true,673
1620997499741,200,OK,true,813
1620997499736,200,OK,true,818
1620997500555,200,OK,true,921
1620997500555,200,OK,true,921
1620997501477,200,OK,true,716
1620997501477,200,OK,true,731
1620997502193,200,OK,true,821
1620997502208,200,OK,true,806
1620997503013,200,OK,true,817
1620997503013,200,OK,true,817
1620997503830,200,OK,true,717
1620997503830,200,OK,true,717
1620997504548,200,OK,true,662
1620997504548,200,OK,true,687
1620997505211,200,OK,true,871
1620997505235,200,OK,true,1360
1620997506083,200,OK,true,717
1620997506596,200,OK,true,818
1620997506800,200,OK,true,819
1620997507415,200,OK,true,819
1620997507619,200,OK,true,737
1620997508234,200,OK,true,714
1620997508356,200,OK,true,741
1620997508948,200,OK,true,696
1620997509097,200,OK,true,806
1620997509644,200,OK,true,843
1620997509904,200,OK,true,787
1620997510487,200,OK,true,716
1620997510691,200,OK,true,613
1620997511204,200,OK,true,716
1620997511304,200,OK,true,720
1620997511920,200,OK,true,819
1620997512024,200,OK,true,1103
1620997512740,200,OK,true,1126
1620997513127,200,OK,true,756
1620997513883,200,OK,true,802
1620997513867,200,OK,true,818
1620997514686,200,OK,true,818
1620997514686,200,OK,true,848
1620997515504,200,OK,true,820
1620997515535,200,OK,true,789
1620997516324,200,OK,true,716
1620997516324,200,OK,true,741
1620997517040,200,OK,true,790
1620997517066,200,OK,true,791
1620997517831,200,OK,true,745
1620997517858,200,OK,true,718
1620997518577,200,OK,true,818
1620997518577,200,OK,true,1228
1620997519396,200,OK,true,649
1620997519805,200,OK,true,819
1620997520048,200,OK,true,781
1620997520624,200,OK,true,819
1620997520829,200,OK,true,616
1620997521445,200,OK,true,715
1620997521443,200,OK,true,783
1620997522161,200,OK,true,716
1620997522227,200,OK,true,734
1620997522877,200,OK,true,716
1620997522961,200,OK,true,798
1620997523594,200,OK,true,685
1620997523759,200,OK,true,756
1620997524279,200,OK,true,748
1620997524516,200,OK,true,716
1620997525028,200,OK,true,716
1620997525233,200,OK,true,715
1620997525745,200,OK,true,819
1620997525949,200,OK,true,672
1620997526565,200,OK,true,818
1620997526621,200,OK,true,1292
1620997527383,200,OK,true,645
1620997527914,200,OK,true,799
1620997528028,200,OK,true,701
1620997528714,200,OK,true,671
1620997528730,200,OK,true,783
1620997529386,200,OK,true,732
1620997529513,200,OK,true,722
1620997530119,200,OK,true,794
1620997530235,200,OK,true,837
1620997531072,200,OK,true,714
1620997530914,200,OK,true,872
1620997531786,200,OK,true,717
1620997531786,200,OK,true,717
1620997532503,200,OK,true,717
1620997532503,200,OK,true,789
1620997533220,200,OK,true,820
1620997533292,200,OK,true,748
1620997534041,200,OK,true,705
1620997534041,200,OK,true,793
1620997534746,200,OK,true,840
1620997534834,200,OK,true,764
1620997535598,200,OK,true,796
1620997535587,200,OK,true,807
1620997536394,200,OK,true,716
1620997536394,200,OK,true,1228
1620997537111,200,OK,true,584
1620997537695,200,OK,true,660
1620997537623,200,OK,true,757
1620997538356,200,OK,true,701
1620997538381,200,OK,true,739
1620997539057,200,OK,true,701
1620997539120,200,OK,true,691
1620997539759,200,OK,true,730
1620997539811,200,OK,true,678
1620997540490,200,OK,true,635
1620997540490,200,OK,true,644
1620997541126,200,OK,true,798
1620997541134,200,OK,true,795
1620997541929,200,OK,true,820
1620997541924,200,OK,true,1433
1620997542751,200,OK,true,855
1620997543607,200,OK,true,691
1620997543358,200,OK,true,940
1620997544299,200,OK,true,800
1620997544299,200,OK,true,800
1620997545099,200,OK,true,732
1620997545099,200,OK,true,732
1620997545831,200,OK,true,701
1620997545831,200,OK,true,743
1620997546533,200,OK,true,818
1620997546575,200,OK,true,786
1620997547360,200,OK,true,707
1620997547351,200,OK,true,716
1620997548068,500,Internal Server Error,false,221
1620997548068,500,Internal Server Error,false,221
1620997548289,500,Internal Server Error,false,290
1620997548289,500,Internal Server Error,false,290
1620997548579,500,Internal Server Error,false,307
1620997548579,500,Internal Server Error,false,307
1620997548887,200,OK,true,1184
1620997548887,200,OK,true,1252
1620997550139,200,OK,true,1000
1620997550072,200,OK,true,1067
1620997551140,200,OK,true,1125
1620997551140,200,OK,true,1227
1620997552367,200,OK,true,1025
1620997552266,200,OK,true,1188
1620997553454,200,OK,true,1244
1620997553393,200,OK,true,1329
1620997554699,200,OK,true,1253
1620997554723,200,OK,true,1229
1620997555953,200,OK,true,1228
1620997555953,200,OK,true,1305
1620997557181,200,OK,true,1331
1620997557259,200,OK,true,1321
1620997558513,200,OK,true,1124
1620997558580,200,OK,true,1130
1620997559710,200,OK,true,1157
1620997559638,200,OK,true,1229
1620997560868,200,OK,true,1126
1620997560868,200,OK,true,2110
1620997561994,200,OK,true,1068
1620997562979,200,OK,true,1250
1620997563063,200,OK,true,1166
1620997564230,200,OK,true,1143
1620997564230,200,OK,true,1184
1620997565373,200,OK,true,1331
1620997565414,200,OK,true,1306
1620997566705,200,OK,true,1023
1620997566720,200,OK,true,1147
1620997567728,200,OK,true,1331
1620997567867,200,OK,true,1192
1620997569060,200,OK,true,1092
1620997569060,200,OK,true,1204
1620997570153,200,OK,true,1205
1620997570265,200,OK,true,1195
1620997571358,200,OK,true,1080
1620997571460,200,OK,true,1900
1620997572439,200,OK,true,1433
1620997573361,200,OK,true,1434
1620997573872,200,OK,true,1364
1620997574795,200,OK,true,1303
1620997575236,200,OK,true,1142
1620997576099,200,OK,true,1255
1620997576378,200,OK,true,1180
1620997577354,200,OK,true,1024
1620997577558,200,OK,true,1931
1620997578378,200,OK,true,1127
1620997579490,200,OK,true,1455
1620997579506,200,OK,true,1440
1620997580946,200,OK,true,1220
1620997580946,200,OK,true,1220
1620997582167,200,OK,true,1126
1620997582167,200,OK,true,1244
1620997583294,200,OK,true,1170
1620997583413,200,OK,true,1131
1620997584464,200,OK,true,990
1620997584545,200,OK,true,1207
1620997585455,200,OK,true,1226
1620997585752,200,OK,true,994
1620997586682,200,OK,true,1220
1620997586746,200,OK,true,1360
1620997587901,200,OK,true,901
1620997588106,200,OK,true,1197
1620997588802,200,OK,true,941
1620997589303,200,OK,true,1259
1620997589743,200,OK,true,1136
1620997590562,200,OK,true,1129
1620997590879,200,OK,true,1218
1620997591691,200,OK,true,1395
1620997592097,200,OK,true,1149
1620997593086,200,OK,true,1187
1620997593247,200,OK,true,1310
1620997594274,200,OK,true,1205
1620997594557,200,OK,true,1091
1620997595480,200,OK,true,1114
1620997595648,200,OK,true,1190
1620997596597,200,OK,true,1237
1620997597834,200,OK,true,1229
1620997596838,200,OK,true,2225
1620997599063,200,OK,true,1126
1620997599063,200,OK,true,1175
1620997600189,200,OK,true,1229
1620997600239,200,OK,true,2305
1620997601418,200,OK,true,1134
1620997602545,200,OK,true,1126
1620997602552,200,OK,true,1225
1620997603778,200,OK,true,1283
1620997603671,200,OK,true,1456
1620997605127,200,OK,true,1152
1620997605062,200,OK,true,1253
1620997606279,200,OK,true,1008
1620997606316,200,OK,true,1348
1620997607288,200,OK,true,1276
1620997607664,200,OK,true,1229
1620997608564,200,OK,true,1250
1620997608894,200,OK,true,1059
1620997609815,200,OK,true,1112
1620997609953,200,OK,true,1224
1620997610928,200,OK,true,1344
1620997611177,200,OK,true,1257
1620997612272,200,OK,true,1229
1620997612434,200,OK,true,1171
1620997613502,200,OK,true,1097
1620997613605,200,OK,true,1255
1620997614600,200,OK,true,1256
1620997614861,200,OK,true,1008
1620997615857,200,OK,true,1126
1620997615869,200,OK,true,1318
1620997617188,200,OK,true,1126
1620997616989,200,OK,true,1385
1620997618314,200,OK,true,892
1620997618374,200,OK,true,1271
1620997619207,200,OK,true,1042
1620997619645,200,OK,true,1126
1620997620250,200,OK,true,1238
1620997620772,200,OK,true,1126
1620997621488,200,OK,true,1127
1620997621898,200,OK,true,1330
1620997622616,200,OK,true,1126
1620997623230,200,OK,true,1229
1620997623743,200,OK,true,1376
1620997624459,200,OK,true,1126
1620997625119,200,OK,true,1268
1620997625588,200,OK,true,1124
1620997626387,200,OK,true,1099
1620997626712,200,OK,true,1535
1620997627487,200,OK,true,1293
1620997628248,200,OK,true,1342
1620997628780,200,OK,true,1413
1620997629590,200,OK,true,1139
1620997630193,200,OK,true,1229
1620997630730,200,OK,true,1307
1620997631423,200,OK,true,1179
1620997632037,200,OK,true,1365
1620997632601,200,OK,true,1073
1620997633402,200,OK,true,1129
1620997633674,200,OK,true,1267
1620997634531,200,OK,true,1458
1620997634941,200,OK,true,1074
1620997635989,200,OK,true,1269
1620997636016,200,OK,true,1323
1620997637339,200,OK,true,1250
1620997637259,200,OK,true,1394
1620997638589,200,OK,true,1127
1620997638653,200,OK,true,1984
1620997639716,200,OK,true,1843
1620997640639,200,OK,true,1227
1620997641559,200,OK,true,1331
1620997641866,200,OK,true,1433
1620997642893,200,OK,true,1226
1620997643300,200,OK,true,1228
1620997644119,200,OK,true,1290
1620997644529,200,OK,true,1330
1620997645409,200,OK,true,1117
1620997645860,200,OK,true,1086
1620997646527,200,OK,true,1483
1620997646946,200,OK,true,1269
1620997648215,200,OK,true,1127
1620997648010,200,OK,true,1332
1620997649343,200,OK,true,1125
1620997649343,200,OK,true,1432
1620997650468,200,OK,true,1331
1620997650775,200,OK,true,1433
1620997651799,200,OK,true,1329
1620997652208,200,OK,true,1229
1620997653129,200,OK,true,1230
1620997653438,200,OK,true,1944
1620997654360,200,OK,true,1951
1620997655383,200,OK,true,2150
1620997656311,200,OK,true,1300
1620997657612,200,OK,true,1150
1620997657534,200,OK,true,1291
1620997658826,200,OK,true,1371
1620997658762,200,OK,true,1435
1620997660198,200,OK,true,1022
1620997660198,200,OK,true,1226
1620997661221,200,OK,true,1183
1620997661425,200,OK,true,2047
1620997662404,200,OK,true,1097
1620997663501,200,OK,true,1200
1620997663473,200,OK,true,1238
1620997664711,200,OK,true,1042
1620997664702,200,OK,true,1073
1620997665753,200,OK,true,1406
1620997665776,200,OK,true,1383
1620997667159,200,OK,true,1229
1620997667159,200,OK,true,1249
1620997668389,200,OK,true,1331
1620997668409,200,OK,true,1516
1620997669721,200,OK,true,1330
1620997669925,200,OK,true,1157
1620997671052,200,OK,true,1293
1620997671083,200,OK,true,1606
1620997672345,200,OK,true,1370
1620997672690,200,OK,true,1094
1620997673716,200,OK,true,1124
1620997673784,200,OK,true,1096
1620997674880,200,OK,true,1116
1620997674841,200,OK,true,1214
1620997675996,200,OK,true,1199
1620997676056,200,OK,true,1222
1620997677277,200,OK,true,1164
1620997677196,200,OK,true,1433
1620997678442,200,OK,true,1312
1620997678628,200,OK,true,1126
1620997679754,200,OK,true,1182
1620997679754,200,OK,true,2233
1620997680937,200,OK,true,2131
1620997681988,200,OK,true,1171
1620997683160,200,OK,true,1028
1620997683069,200,OK,true,1230
1620997684188,200,OK,true,1198
1620997684299,200,OK,true,1196
1620997685386,200,OK,true,1137
1620997685495,200,OK,true,1433
1620997686523,200,OK,true,1320
1620997686929,200,OK,true,1142
1620997687844,200,OK,true,1206
1620997689051,200,OK,true,1148
1620997688072,200,OK,true,2127
1620997690199,200,OK,true,1094
1620997690199,200,OK,true,1143
1620997691343,200,OK,true,1055
1620997691293,200,OK,true,1370
1620997692398,200,OK,true,1163
1620997692664,200,OK,true,1221
1620997693562,200,OK,true,1371
1620997693885,200,OK,true,1161
1620997694934,200,OK,true,1204
1620997695047,200,OK,true,1193
1620997696240,200,OK,true,1230
1620997696139,200,OK,true,1332
1620997697472,200,OK,true,1227
1620997697471,200,OK,true,1228
1620997698700,200,OK,true,1227
1620997698700,200,OK,true,1250
1620997699927,200,OK,true,1332
1620997699950,200,OK,true,2537
1620997701259,200,OK,true,2252
1620997702488,200,OK,true,1330
1620997703511,200,OK,true,1228
1620997703818,200,OK,true,948
1620997704740,200,OK,true,1229
1620997704766,200,OK,true,1203
1620997705969,200,OK,true,1228
1620997705969,200,OK,true,1244
1620997707214,200,OK,true,1097
1620997707198,200,OK,true,1330
1620997708311,200,OK,true,1245
1620997708529,200,OK,true,1073
1620997709556,200,OK,true,1225
1620997709602,200,OK,true,1267
1620997710782,200,OK,true,1126
1620997710869,200,OK,true,1230
1620997711908,200,OK,true,1229
1620997712100,200,OK,true,1344
1620997713138,200,OK,true,1331
1620997713445,200,OK,true,1229
1620997714470,200,OK,true,1228
1620997714675,200,OK,true,1082
1620997715758,200,OK,true,1066
1620997715698,200,OK,true,1126
1620997716825,200,OK,true,1139
1620997716825,200,OK,true,1158
1620997717965,200,OK,true,1010
1620997717983,200,OK,true,1299
1620997718975,200,OK,true,1230
1620997719282,200,OK,true,1958
1620997720206,200,OK,true,1090
1620997721240,200,OK,true,1027
1620997721297,200,OK,true,2081
1620997722268,200,OK,true,1141
1620997723377,200,OK,true,1126
1620997723409,200,OK,true,1121
1620997724531,200,OK,true,1203
1620997724504,200,OK,true,1230
1620997725735,200,OK,true,1089
1620997725735,200,OK,true,1431
1620997726825,200,OK,true,1101
1620997727166,200,OK,true,1238
1620997727927,200,OK,true,939
1620997728405,200,OK,true,1071
1620997728866,200,OK,true,1269
1620997729477,200,OK,true,1170
1620997730136,200,OK,true,1168
1620997730648,200,OK,true,1183
1620997731305,200,OK,true,1185
1620997731832,200,OK,true,1273
1620997732490,200,OK,true,1127
1620997733105,200,OK,true,1126
1620997733617,200,OK,true,1126
1620997734232,200,OK,true,1228
1620997734744,200,OK,true,1228
1620997735461,200,OK,true,1522
1620997735973,200,OK,true,1051
1620997736984,200,OK,true,1343
1620997737025,200,OK,true,1302
1620997738327,200,OK,true,1126
1620997738327,200,OK,true,1126
1620997739454,200,OK,true,1228
1620997739454,200,OK,true,1228
1620997740683,200,OK,true,1073
1620997740683,200,OK,true,1331
1620997742014,200,OK,true,1126
1620997741756,200,OK,true,1384
1620997743141,200,OK,true,1126
1620997743141,200,OK,true,1178
1620997744267,200,OK,true,1330
1620997744320,200,OK,true,1277
1620997745598,200,OK,true,1127
1620997745598,200,OK,true,1234
1620997746725,200,OK,true,1185
1620997746832,200,OK,true,1213
1620997747911,200,OK,true,1065
1620997748045,200,OK,true,1364
1620997748977,200,OK,true,1638
1620997749410,200,OK,true,1205
1620997750616,200,OK,true,1143
1620997750616,200,OK,true,1209
1620997751826,200,OK,true,1193
1620997751760,200,OK,true,1317
1620997753019,200,OK,true,1163
1620997753077,200,OK,true,1193
1620997754183,200,OK,true,1234
1620997754270,200,OK,true,1160
1620997755418,200,OK,true,1239
1620997755431,200,OK,true,1226
1620997756657,200,OK,true,871
1620997756657,200,OK,true,924
1620997757529,200,OK,true,1157
1620997757582,200,OK,true,1280
1620997758687,200,OK,true,1451
1620997758863,200,OK,true,1312
1620997760139,200,OK,true,1228
1620997760175,200,OK,true,1227
1620997761368,200,OK,true,1126
1620997761402,200,OK,true,1135
1620997762496,200,OK,true,1239
1620997762539,200,OK,true,1200
1620997763736,200,OK,true,1134
1620997763739,200,OK,true,1315
1620997764870,200,OK,true,1265
1620997765054,200,OK,true,1434
1620997766135,200,OK,true,1378
1620997766489,200,OK,true,1024
1620997767513,200,OK,true,1228
1620997767513,200,OK,true,1296
1620997768809,200,OK,true,1161
1620997768741,200,OK,true,1283
1620997769970,200,OK,true,1229
1620997770024,200,OK,true,2301
1620997771200,200,OK,true,2149
1620997772325,200,OK,true,1113
1620997773349,200,OK,true,1102
1620997773438,200,OK,true,1244
1620997774452,200,OK,true,1354
1620997774683,200,OK,true,1942
1620997775806,200,OK,true,1433
1620997776626,200,OK,true,1682
1620997777240,200,OK,true,1129
1620997778309,200,OK,true,1053
1620997778369,200,OK,true,1151
1620997779363,200,OK,true,1153
1620997779521,200,OK,true,1012
1620997780534,200,OK,true,1051
1620997780517,200,OK,true,1330
1620997781585,200,OK,true,1286
1620997781848,200,OK,true,1332
1620997782872,200,OK,true,1215
1620997783180,200,OK,true,1228
1620997784088,200,OK,true,1446
1620997784408,200,OK,true,1173
1620997785534,200,OK,true,1434
1620997785582,200,OK,true,2410
1620997786968,200,OK,true,1331
1620997787992,200,OK,true,1434
1620997788299,200,OK,true,1196
1620997789426,200,OK,true,1228
1620997789496,200,OK,true,1172
1620997790655,200,OK,true,1215
1620997790669,200,OK,true,1241
1620997791871,200,OK,true,1139
1620997791911,200,OK,true,1405
1620997793010,200,OK,true,1228
1620997793317,200,OK,true,1228
1620997794238,200,OK,true,1154
1620997794545,200,OK,true,1470
1620997795392,200,OK,true,1209
1620997796016,200,OK,true,1396
1620997796601,200,OK,true,1118
1620997797412,200,OK,true,1229
1620997797720,200,OK,true,1229
1620997798642,200,OK,true,921
1620997798949,200,OK,true,1160
1620997799563,200,OK,true,1331
1620997800109,200,OK,true,1297
1620997800894,200,OK,true,1228
1620997801407,200,OK,true,1125
1620997802123,200,OK,true,1197
1620997802532,200,OK,true,1127
1620997803321,200,OK,true,1157
1620997803659,200,OK,true,1196
1620997804479,200,OK,true,1228
1620997804855,200,OK,true,1162
1620997805708,200,OK,true,1330
1620997806018,200,OK,true,1093
1620997807111,200,OK,true,1156
1620997807038,200,OK,true,1229
1620997808268,200,OK,true,1148
1620997808268,200,OK,true,1233
1620997809416,200,OK,true,1105
1620997809501,200,OK,true,1532
1620997810521,200,OK,true,1462
1620997811033,200,OK,true,1228
1620997811983,200,OK,true,1303
1620997812262,200,OK,true,1068
1620997813329,200,OK,true,1286
1620997813285,200,OK,true,1330
1620997814616,200,OK,true,1229
1620997814616,200,OK,true,1229
1620997815846,200,OK,true,1022
1620997815846,200,OK,true,1227
1620997816869,200,OK,true,1228
1620997817073,200,OK,true,1024
1620997818098,200,OK,true,1228
1620997818098,500,Internal Server Error,false,1638
1620997819327,500,Internal Server Error,false,510
1620997819736,500,Internal Server Error,false,205
1620997819837,500,Internal Server Error,false,219
1620997819942,500,Internal Server Error,false,222
1620997820056,500,Internal Server Error,false,204
1620997820164,500,Internal Server Error,false,204
1620997820261,500,Internal Server Error,false,220
1620997820368,500,Internal Server Error,false,216
1620997820481,500,Internal Server Error,false,208
1620997820584,500,Internal Server Error,false,206
1620997820690,500,Internal Server Error,false,319
1620997821010,200,OK,true,671
1620997820790,200,OK,true,891
1620997821682,200,OK,true,716
1620997821682,200,OK,true,716
1620997822399,200,OK,true,921
1620997822399,200,OK,true,1390
1620997823320,200,OK,true,819
1620997823789,200,OK,true,760
1620997824140,200,OK,true,818
1620997824549,200,OK,true,921
1620997824959,200,OK,true,689
1620997825470,200,OK,true,817
1620997825648,200,OK,true,732
1620997826288,200,OK,true,718
1620997826381,200,OK,true,830
1620997827006,200,OK,true,820
1620997827211,200,OK,true,660
1620997827872,200,OK,true,670
1620997827826,200,OK,true,716
1620997828543,200,OK,true,806
1620997828543,200,OK,true,806
1620997829349,200,OK,true,729
1620997829349,200,OK,true,729
1620997830079,200,OK,true,716
1620997830079,200,OK,true,716
1620997830795,200,OK,true,721
1620997830795,200,OK,true,721
1620997831517,200,OK,true,681
1620997831517,200,OK,true,709
1620997832199,200,OK,true,747
1620997832226,200,OK,true,766
1620997832946,200,OK,true,719
1620997832992,200,OK,true,858
1620997833666,200,OK,true,783
1620997833850,200,OK,true,826
1620997834449,200,OK,true,767
1620997834677,200,OK,true,751
1620997835217,200,OK,true,720
1620997835428,200,OK,true,794
1620997835938,200,OK,true,796
1620997836223,200,OK,true,818
1620997837041,200,OK,true,615
1620997836735,200,OK,true,921
1620997837656,200,OK,true,717
1620997837656,200,OK,true,1331
1620997838373,200,OK,true,721
1620997838988,200,OK,true,716
1620997839095,200,OK,true,818
1620997839705,200,OK,true,705
1620997839914,200,OK,true,814
1620997840411,200,OK,true,768
1620997840728,200,OK,true,819
1620997841179,200,OK,true,778
1620997841548,200,OK,true,716
1620997841957,200,OK,true,921
1620997842264,200,OK,true,669
1620997842933,200,OK,true,662
1620997842879,200,OK,true,716
1620997843595,200,OK,true,716
1620997843595,200,OK,true,778
1620997844374,200,OK,true,655
1620997844312,200,OK,true,717
1620997845029,200,OK,true,741
1620997845029,200,OK,true,742
1620997845770,200,OK,true,795
1620997845772,200,OK,true,793
1620997846566,200,OK,true,715
1620997846566,200,OK,true,715
1620997847282,200,OK,true,689
1620997847282,200,OK,true,773
1620997847971,200,OK,true,701
1620997848055,200,OK,true,766
1620997848673,200,OK,true,732
1620997848821,200,OK,true,816
1620997849406,200,OK,true,743
1620997849637,200,OK,true,921
1620997850149,200,OK,true,819
1620997850558,200,OK,true,717
1620997850968,200,OK,true,714
1620997851275,200,OK,true,821
1620997851683,200,OK,true,923
1620997852100,200,OK,true,813
1620997852608,200,OK,true,776
1620997852915,200,OK,true,628
1620997853384,200,OK,true,697
1620997853544,200,OK,true,733
1620997854081,200,OK,true,779
1620997854277,200,OK,true,694
1620997854861,200,OK,true,706
1620997854971,200,OK,true,813
1620997855568,200,OK,true,785
1620997855785,200,OK,true,816
1620997856353,200,OK,true,738
1620997856601,200,OK,true,819
1620997857092,200,OK,true,851
1620997857420,200,OK,true,818
1620997857942,200,OK,true,781
1620997858239,200,OK,true,716
1620997858724,200,OK,true,727
1620997858956,200,OK,true,746
1620997859452,200,OK,true,754
1620997859702,200,OK,true,789
1620997860206,200,OK,true,900
1620997860491,200,OK,true,693
1620997861106,200,OK,true,819
1620997861184,200,OK,true,741
1620997861925,200,OK,true,716
1620997861925,200,OK,true,728
1620997862642,200,OK,true,819
1620997862654,200,OK,true,835
1620997863462,200,OK,true,716
1620997863489,200,OK,true,732
1620997864179,200,OK,true,818
1620997864221,200,OK,true,1219
1620997865441,200,OK,true,682
1620997864997,200,OK,true,1126
1620997866123,200,OK,true,717
1620997866124,200,OK,true,716
1620997866841,200,OK,true,716
1620997866841,200,OK,true,730
1620997867557,200,OK,true,819
1620997867571,200,OK,true,805
1620997868377,200,OK,true,716
1620997868377,200,OK,true,719
1620997869093,200,OK,true,819
1620997869097,200,OK,true,815
1620997869913,200,OK,true,716
1620997869913,200,OK,true,1228
1620997870629,200,OK,true,723
1620997871141,200,OK,true,717
1620997871353,200,OK,true,1026
1620997871858,200,OK,true,726
1620997872379,200,OK,true,810
1620997872585,200,OK,true,1116
1620997873189,200,OK,true,735
1620997873701,200,OK,true,614
1620997873924,200,OK,true,801
1620997874316,200,OK,true,686
1620997874725,200,OK,true,719
1620997875002,200,OK,true,953
1620997875445,200,OK,true,817
1620997875955,200,OK,true,776
1620997876262,200,OK,true,792
1620997876732,200,OK,true,761
1620997877055,200,OK,true,742
1620997877494,200,OK,true,815
1620997877797,200,OK,true,819
1620997878309,200,OK,true,819
1620997878616,200,OK,true,719
1620997879129,200,OK,true,704
1620997879335,200,OK,true,817
1620997879834,200,OK,true,933
1620997880152,200,OK,true,715
1620997880767,200,OK,true,819
1620997880868,200,OK,true,774
1620997881586,200,OK,true,922
1620997881642,200,OK,true,1480
1620997882508,200,OK,true,723
1620997883122,200,OK,true,717
1620997883232,200,OK,true,607
1620997883839,200,OK,true,819
1620997883839,200,OK,true,819
1620997884659,200,OK,true,710
1620997884659,200,OK,true,920
1620997885370,200,OK,true,824
1620997885579,200,OK,true,725
1620997886194,200,OK,true,778
1620997886304,200,OK,true,840
1620997886972,200,OK,true,782
1620997887145,200,OK,true,701
1620997887755,200,OK,true,754
1620997887846,200,OK,true,707
1620997888510,200,OK,true,756
1620997888554,200,OK,true,761
1620997889266,200,OK,true,716
1620997889315,200,OK,true,1234
1620997889983,200,OK,true,689
1620997890550,200,OK,true,659
1620997890672,200,OK,true,749
1620997891210,200,OK,true,718
1620997891421,200,OK,true,814
1620997891929,200,OK,true,788
1620997892236,200,OK,true,670
1620997892718,200,OK,true,767
1620997892906,200,OK,true,1196
1620997893485,200,OK,true,737
1620997894222,200,OK,true,675
1620997894102,200,OK,true,795
1620997894898,200,OK,true,819
1620997894898,200,OK,true,819
1620997895717,200,OK,true,923
1620997895717,200,OK,true,923
1620997896641,200,OK,true,667
1620997896641,200,OK,true,754
1620997897395,200,OK,true,780
1620997897309,200,OK,true,866
1620997898175,200,OK,true,652
1620997898175,200,OK,true,772
1620997898947,200,OK,true,661
1620997898828,200,OK,true,794
1620997899622,200,OK,true,715
1620997899609,200,OK,true,770
1620997900337,200,OK,true,724
1620997900380,200,OK,true,694
1620997901062,200,OK,true,667
1620997901074,200,OK,true,723
1620997901730,200,OK,true,848
1620997901797,200,OK,true,781
1620997902578,200,OK,true,716
1620997902578,200,OK,true,716
1620997903295,200,OK,true,667
1620997903295,200,OK,true,751
1620997903962,200,OK,true,766
1620997904046,200,OK,true,682
1620997904729,200,OK,true,716
1620997904729,200,OK,true,746
1620997905446,200,OK,true,716
1620997905476,200,OK,true,756
1620997906232,200,OK,true,647
1620997906163,200,OK,true,716
1620997906879,200,OK,true,717
1620997906879,200,OK,true,762
1620997907596,200,OK,true,921
1620997907641,200,OK,true,1490
1620997908518,200,OK,true,1126
1620997909132,200,OK,true,922
1620997909644,200,OK,true,819
1620997910055,200,OK,true,920
1620997910463,200,OK,true,870
1620997910975,200,OK,true,819
1620997911334,200,OK,true,1074
1620997911795,200,OK,true,875
1620997912409,200,OK,true,771
1620997912670,200,OK,true,1172
1620997913181,200,OK,true,671
1620997913853,200,OK,true,706
1620997913842,200,OK,true,772
1620997914559,200,OK,true,774
1620997914614,200,OK,true,1213
1620997915334,200,OK,true,1113
1620997915828,200,OK,true,666
1620997916494,200,OK,true,625
1620997916447,200,OK,true,672
1620997917119,200,OK,true,661
1620997917119,200,OK,true,734
1620997917781,200,OK,true,772
1620997917855,200,OK,true,779
1620997918554,200,OK,true,716
1620997918634,200,OK,true,706
1620997919271,200,OK,true,736
1620997919340,200,OK,true,1261
1620997920007,200,OK,true,677
1620997920602,200,OK,true,819
1620997920684,200,OK,true,767
1620997921422,200,OK,true,715
1620997921451,200,OK,true,1301
1620997922138,200,OK,true,684
1620997922751,200,OK,true,819
1620997922822,200,OK,true,748
1620997923571,200,OK,true,818
1620997923571,200,OK,true,1432
1620997924390,200,OK,true,921
1620997925004,200,OK,true,921
1620997925311,200,OK,true,820
1620997925926,200,OK,true,818
1620997926131,200,OK,true,1049
1620997926745,200,OK,true,819
1620997927180,200,OK,true,799
1620997927564,200,OK,true,819
1620997927980,200,OK,true,813
1620997928384,200,OK,true,716
1620997928793,200,OK,true,819
1620997929100,200,OK,true,819
1620997929612,200,OK,true,819
1620997929919,200,OK,true,784
1620997930432,200,OK,true,715
1620997930708,200,OK,true,850
1620997931147,200,OK,true,717
1620997931558,200,OK,true,716
1620997931865,200,OK,true,716
1620997932274,200,OK,true,837
1620997932582,200,OK,true,819
1620997933111,200,OK,true,831
1620997933401,200,OK,true,827
1620997933942,200,OK,true,790
1620997934229,200,OK,true,923
1620997934732,200,OK,true,819
1620997935152,200,OK,true,706
1620997935552,200,OK,true,921
1620997935859,200,OK,true,818
1620997936473,200,OK,true,716
1620997936677,200,OK,true,819
1620997937190,200,OK,true,818
1620997937497,200,OK,true,716
1620997938009,200,OK,true,716
1620997938213,200,OK,true,1024
1620997938726,200,OK,true,1023
1620997939238,200,OK,true,744
1620997939749,200,OK,true,688
1620997939983,200,OK,true,652
1620997940438,200,OK,true,694
1620997940635,200,OK,true,1123
1620997941133,200,OK,true,757
1620997941759,200,OK,true,767
1620997941891,200,OK,true,801
1620997942526,200,OK,true,809
1620997942693,200,OK,true,642
1620997943336,200,OK,true,705
1620997943336,200,OK,true,791
1620997944042,200,OK,true,725
1620997944127,200,OK,true,670
1620997944797,200,OK,true,687
1620997944768,200,OK,true,716
1620997945484,200,OK,true,819
1620997945484,200,OK,true,819
1620997946304,200,OK,true,716
1620997946304,200,OK,true,758
1620997947062,200,OK,true,675
1620997947020,200,OK,true,727
1620997947748,200,OK,true,705
1620997947737,200,OK,true,716
1620997948454,200,OK,true,717
1620997948454,200,OK,true,736
1620997949171,200,OK,true,819
1620997949190,200,OK,true,800
1620997949990,Non HTTP response code: java.net.SocketException,Non HTTP response message: Socket closed,false,0
1620997949990,Non HTTP response code: java.net.SocketException,Non HTTP response message: Socket closed,false,0
